19
19
0010
0000
0110
0011
1010
1010
1010
1010
1011
1010
1000
1010
1010
1011
1010
1110
1111
1110
1011
1010
1011
1011
1110
1011
1010
1010
1010
1010
1011
1010
1010
1010
1010
1010
1010
1101
1100
1010
1011
1010
1111
1110
1110
1110
1010
1010
1010
1010
1110
1010
1010
1010
1011
1011
1010
1011
1010
1010
1110
1010
1010
1010
1010
1010
1010
1011
1010
1010
1010
1010
1110
1010
1010
1110
1110
1011
1010
1110
1010
1010
1010
1011
1010
1010
1010
1010
1010
1111
1011
1010
1010
1010
1010
1010
1010
1110
1010
1110
1010
1010
